1   1.03479381443298969072
2   1.92105263157894736842
3   2.04325699745547073791
4   2.45565749235474006116
5   2.93065693430656934306
6   3.07662835249042145593
7   3.43162393162393162393
8   3.55309734513274336283
9   4.01500000000000000000
10   3.99502487562189054726
11   4.20418848167539267015
12   4.22631578947368421052
13   4.46111111111111111111
14   4.46111111111111111111
15   4.64161849710982658959
16   4.66860465116279069767
17   4.83734939759036144578
18   4.77976190476190476190
19   4.98757763975155279503
20   4.98757763975155279503
